100
0
0.001
0.002
0.003
0.004
0.005
0.006
0.007
0.008
0.009
0.01
0.011
0.012
0.013
0.014
0.015
0.016
0.017
0.018
0.019
0.02
0.021
0.022
0.023
0.024
0.025
0.026
0.027
0.028
0.029
0.03
0.031
0.032
0.033
0.034
0.035
0.036
0.037
0.038
0.039
0.04
0.041
0.042
0.043
0.044
0.045
0.046
0.047
0.048
0.049
0.05
0.051
0.052
0.053
0.054
0.055
0.056
0.057
0.058
0.059
0.06
0.061
0.062
0.063
0.064
0.065
0.066
0.067
0.068
0.069
0.07
0.071
0.072
0.073
0.074
0.075
0.076
0.077
0.078
0.079
0.08
0.081
0.082
0.083
0.084
0.085
0.086
0.087
0.088
0.089
0.09
0.091
0.092
0.093
0.094
0.095
0.096
0.097
0.098
0.099
h1 = 0.15, h2 = 1.5, z > z0
-7.27704
-0.449924
-0.0886862
-0.0280399
-0.0114811
-0.00553576
-0.00298773
-0.00175122
-0.00109322
-0.000717237
-0.000489869
-0.000345873
-0.000251109
-0.000186689
-0.000141664
-0.000109431
-8.58663e-05
-6.83165e-05
-5.503e-05
-4.48221e-05
-3.68751e-05
-3.06138e-05
-2.56269e-05
-2.16153e-05
-1.83589e-05
-1.56932e-05
-1.34943e-05
-1.16673e-05
-1.01393e-05
-8.85354e-06
-7.76522e-06
-6.83912e-06
-6.04705e-06
-5.3664e-06
-4.7789e-06
-4.26962e-06
-3.82642e-06
-3.43925e-06
-3.09984e-06
-2.80132e-06
-2.53782e-06
-2.30463e-06
-2.09761e-06
-1.91333e-06
-1.74881e-06
-1.60164e-06
-1.46961e-06
-1.35091e-06
-1.24398e-06
-1.1474e-06
-1.06001e-06
-9.80821e-07
-9.08862e-07
-8.43387e-07
-7.83714e-07
-7.292e-07
-6.7935e-07
-6.33694e-07
-5.9181e-07
-5.53329e-07
-5.17926e-07
-4.853e-07
-4.55211e-07
-4.27429e-07
-4.01728e-07
-3.77933e-07
-3.55869e-07
-3.35392e-07
-3.16372e-07
-2.98677e-07
-2.82206e-07
-2.66852e-07
-2.52519e-07
-2.39151e-07
-2.26642e-07
-2.14947e-07
-2.04002e-07
-1.93733e-07
-1.84107e-07
-1.75075e-07
-1.66585e-07
-1.58609e-07
-1.51104e-07
-1.44036e-07
-1.37377e-07
-1.31096e-07
-1.25171e-07
-1.19579e-07
-1.14294e-07
-1.09296e-07
-1.04572e-07
-1.00097e-07
-9.58606e-08
-9.18472e-08
-8.80401e-08
-8.44333e-08
-8.0999e-08
-7.77434e-08
-7.46462e-08
-7.17054e-08
h1 = 1.5, h2 = 0.15, z < z0
-7.39482
-0.452049
-0.0888773
-0.0280742
-0.0114902
-0.00553879
-0.00298893
-0.00175176
-0.00109349
-0.000717379
-0.000489949
-0.000345921
-0.000251138
-0.000186707
-0.000141677
-0.00010944
-8.58722e-05
-6.83207e-05
-5.5033e-05
-4.48243e-05
-3.68768e-05
-3.06151e-05
-2.56278e-05
-2.16161e-05
-1.83595e-05
-1.56937e-05
-1.34946e-05
-1.16676e-05
-1.01396e-05
-8.8537e-06
-7.76539e-06
-6.83925e-06
-6.04716e-06
-5.3665e-06
-4.77898e-06
-4.2697e-06
-3.82646e-06
-3.4393e-06
-3.09989e-06
-2.80135e-06
-2.53787e-06
-2.30465e-06
-2.09763e-06
-1.91335e-06
-1.74883e-06
-1.60165e-06
-1.46962e-06
-1.35091e-06
-1.24398e-06
-1.14741e-06
-1.06003e-06
-9.80833e-07
-9.08874e-07
-8.43399e-07
-7.83715e-07
-7.29207e-07
-6.7936e-07
-6.33711e-07
-5.91827e-07
-5.53353e-07
-5.17949e-07
-4.85322e-07
-4.55233e-07
-4.27452e-07
-4.01749e-07
-3.77946e-07
-3.55879e-07
-3.35404e-07
-3.1638e-07
-2.98683e-07
-2.82208e-07
-2.66855e-07
-2.52523e-07
-2.39156e-07
-2.26647e-07
-2.14952e-07
-2.04009e-07
-1.93738e-07
-1.84112e-07
-1.75081e-07
-1.66595e-07
-1.58613e-07
-1.51109e-07
-1.44042e-07
-1.37384e-07
-1.31104e-07
-1.25177e-07
-1.19586e-07
-1.143e-07
-1.09301e-07
-1.04577e-07
-1.00103e-07
-9.5864e-08
-9.185e-08
-8.80441e-08
-8.44371e-08
-8.10074e-08
-7.77486e-08
-7.46518e-08
-7.17145e-08
