100
0
0.001
0.002
0.003
0.004
0.005
0.006
0.007
0.008
0.009
0.01
0.011
0.012
0.013
0.014
0.015
0.016
0.017
0.018
0.019
0.02
0.021
0.022
0.023
0.024
0.025
0.026
0.027
0.028
0.029
0.03
0.031
0.032
0.033
0.034
0.035
0.036
0.037
0.038
0.039
0.04
0.041
0.042
0.043
0.044
0.045
0.046
0.047
0.048
0.049
0.05
0.051
0.052
0.053
0.054
0.055
0.056
0.057
0.058
0.059
0.06
0.061
0.062
0.063
0.064
0.065
0.066
0.067
0.068
0.069
0.07
0.071
0.072
0.073
0.074
0.075
0.076
0.077
0.078
0.079
0.08
0.081
0.082
0.083
0.084
0.085
0.086
0.087
0.088
0.089
0.09
0.091
0.092
0.093
0.094
0.095
0.096
0.097
0.098
0.099
h1 = 0.15, h2 = 1.5, z > z0
7.69643
0.481028
0.0950179
0.0300642
0.0123143
0.00593861
0.00320552
0.00187901
0.00117306
0.000769644
0.000525677
0.000371163
0.000269473
0.000200345
0.000152028
0.000117438
9.21496e-05
7.3316e-05
5.90574e-05
4.81027e-05
3.95741e-05
3.28547e-05
2.75028e-05
2.31976e-05
1.97028e-05
1.6842e-05
1.44821e-05
1.25214e-05
1.08816e-05
9.50171e-06
8.33371e-06
7.33982e-06
6.48976e-06
5.7593e-06
5.12876e-06
4.58222e-06
4.10656e-06
3.69105e-06
3.32679e-06
3.00641e-06
2.72363e-06
2.47335e-06
2.25118e-06
2.05341e-06
1.87685e-06
1.7189e-06
1.5772e-06
1.44981e-06
1.33505e-06
1.2314e-06
1.13761e-06
1.05262e-06
9.75393e-07
9.0513e-07
8.41082e-07
7.8258e-07
7.29081e-07
6.80084e-07
6.35136e-07
5.93831e-07
5.5584e-07
5.20829e-07
4.88538e-07
4.58718e-07
4.31135e-07
4.05596e-07
3.81916e-07
3.5994e-07
3.39529e-07
3.2054e-07
3.02862e-07
2.86384e-07
2.71e-07
2.56654e-07
2.43229e-07
2.30679e-07
2.18932e-07
2.07911e-07
1.97582e-07
1.87887e-07
1.78777e-07
1.70214e-07
1.62161e-07
1.54575e-07
1.47428e-07
1.40689e-07
1.34331e-07
1.2833e-07
1.22657e-07
1.17293e-07
1.12224e-07
1.07421e-07
1.02874e-07
9.85672e-08
9.44823e-08
9.061e-08
8.69252e-08
8.34312e-08
8.01069e-08
7.69517e-08
h1 = 1.5, h2 = 0.15, z < z0
7.69634
0.481028
0.0950179
0.0300642
0.0123143
0.00593862
0.00320552
0.00187901
0.00117306
0.000769644
0.000525677
0.000371163
0.000269473
0.000200345
0.000152028
0.000117438
9.21496e-05
7.3316e-05
5.90575e-05
4.81027e-05
3.95741e-05
3.28547e-05
2.75028e-05
2.31976e-05
1.97028e-05
1.6842e-05
1.44821e-05
1.25215e-05
1.08816e-05
9.50168e-06
8.33372e-06
7.33982e-06
6.48976e-06
5.7593e-06
5.12877e-06
4.58223e-06
4.10655e-06
3.69104e-06
3.3268e-06
3.00641e-06
2.72364e-06
2.47335e-06
2.25118e-06
2.0534e-06
1.87685e-06
1.71889e-06
1.5772e-06
1.4498e-06
1.33504e-06
1.2314e-06
1.13762e-06
1.05262e-06
9.75399e-07
9.05136e-07
8.41078e-07
7.82581e-07
7.29088e-07
6.80097e-07
6.35149e-07
5.9385e-07
5.55858e-07
5.20847e-07
4.88556e-07
4.58739e-07
4.31152e-07
4.05607e-07
3.81925e-07
3.59951e-07
3.39536e-07
3.20545e-07
3.02863e-07
2.86385e-07
2.71003e-07
2.56657e-07
2.43232e-07
2.30683e-07
2.18938e-07
2.07915e-07
1.97586e-07
1.87892e-07
1.78785e-07
1.70218e-07
1.62166e-07
1.54581e-07
1.47434e-07
1.40695e-07
1.34336e-07
1.28336e-07
1.22662e-07
1.17299e-07
1.12229e-07
1.07426e-07
1.02877e-07
9.85697e-08
9.44859e-08
9.06136e-08
8.69329e-08
8.34357e-08
8.01119e-08
7.696e-08
