100
0
0.001
0.002
0.003
0.004
0.005
0.006
0.007
0.008
0.009
0.01
0.011
0.012
0.013
0.014
0.015
0.016
0.017
0.018
0.019
0.02
0.021
0.022
0.023
0.024
0.025
0.026
0.027
0.028
0.029
0.03
0.031
0.032
0.033
0.034
0.035
0.036
0.037
0.038
0.039
0.04
0.041
0.042
0.043
0.044
0.045
0.046
0.047
0.048
0.049
0.05
0.051
0.052
0.053
0.054
0.055
0.056
0.057
0.058
0.059
0.06
0.061
0.062
0.063
0.064
0.065
0.066
0.067
0.068
0.069
0.07
0.071
0.072
0.073
0.074
0.075
0.076
0.077
0.078
0.079
0.08
0.081
0.082
0.083
0.084
0.085
0.086
0.087
0.088
0.089
0.09
0.091
0.092
0.093
0.094
0.095
0.096
0.097
0.098
0.099
h1 = 1.5, h2 = 0.15, z < z0
-2.50594
-0.170165
-0.0341051
-0.0108455
-0.00445263
-0.00214999
-0.00116139
-0.000681119
-0.000425363
-0.000279147
-0.000190695
-0.000134661
-9.77775e-05
-7.27004e-05
-5.51713e-05
-4.26207e-05
-3.34443e-05
-2.661e-05
-2.14355e-05
-1.74599e-05
-1.43645e-05
-1.19257e-05
-9.98326e-06
-8.42058e-06
-7.15209e-06
-6.11368e-06
-5.2571e-06
-4.54542e-06
-3.95015e-06
-3.44924e-06
-3.02525e-06
-2.66447e-06
-2.3559e-06
-2.09076e-06
-1.86181e-06
-1.66345e-06
-1.49074e-06
-1.33992e-06
-1.2077e-06
-1.0914e-06
-9.88728e-07
-8.97862e-07
-8.17225e-07
-7.45406e-07
-6.81328e-07
-6.23984e-07
-5.72551e-07
-5.263e-07
-4.84632e-07
-4.47016e-07
-4.12964e-07
-3.82099e-07
-3.54061e-07
-3.28571e-07
-3.05304e-07
-2.84077e-07
-2.6466e-07
-2.46869e-07
-2.30563e-07
-2.15549e-07
-2.01765e-07
-1.89065e-07
-1.77344e-07
-1.66514e-07
-1.56496e-07
-1.47223e-07
-1.38628e-07
-1.30649e-07
-1.23243e-07
-1.16351e-07
-1.09933e-07
-1.03949e-07
-9.83646e-08
-9.31548e-08
-8.82827e-08
-8.37337e-08
-7.94626e-08
-7.54636e-08
-7.17144e-08
-6.81944e-08
-6.48875e-08
-6.1777e-08
-5.88569e-08
-5.61029e-08
-5.35054e-08
-5.10636e-08
-4.87541e-08
-4.65771e-08
-4.45126e-08
-4.25693e-08
-4.07295e-08
-3.89839e-08
-3.73326e-08
-3.57729e-08
-3.42903e-08
-3.28822e-08
-3.15459e-08
-3.02785e-08
-2.90695e-08
-2.7926e-08
